{
 "cells": [
  {
   "cell_type": "markdown",
   "metadata": {},
   "source": [
    "# Check où c'est long"
   ]
  },
  {
   "cell_type": "code",
   "execution_count": 1,
   "metadata": {
    "collapsed": false
   },
   "outputs": [],
   "source": [
    "import numpy as np\n",
    "import os,sys\n",
    "from graph import *\n",
    "import copy\n",
    "import NN,time\n",
    "from ot_distances import Gromov_Wasserstein_distance,Wasserstein_distance\n",
    "from ts import*"
   ]
  },
  {
   "cell_type": "code",
   "execution_count": 2,
   "metadata": {
    "collapsed": true
   },
   "outputs": [],
   "source": [
    "def compute():\n",
    "    start=time.time()\n",
    "    preds=clf_emd.fit(np.array(x_train),np.array(y_train)).predict(np.array(x_test))\n",
    "    end=time.time()\n",
    "    return end-start,preds "
   ]
  },
  {
   "cell_type": "code",
   "execution_count": 3,
   "metadata": {
    "collapsed": true
   },
   "outputs": [],
   "source": [
    "nTree=100\n",
    "depth=3\n",
    "c=20\n",
    "d=30\n",
    "dataset=build_binary_uniform_dataset(nTree1=nTree,nTree2=nTree,maxdepth=depth,c=c,d=d)\n",
    "X,y=zip(*dataset)"
   ]
  },
  {
   "cell_type": "code",
   "execution_count": 4,
   "metadata": {
    "collapsed": false
   },
   "outputs": [],
   "source": [
    "gw=Gromov_Wasserstein_distance(epsilon=0.01,ratio=0.01,method='weighted_shortest_path')\n",
    "w=Wasserstein_distance()"
   ]
  },
  {
   "cell_type": "code",
   "execution_count": 5,
   "metadata": {
    "collapsed": false
   },
   "outputs": [],
   "source": [
    "cpts=[]\n",
    "tempsgw=[]\n",
    "tempsemd=[]\n",
    "\n",
    "sink=[]\n",
    "alltimes=[]\n",
    "consts=[]\n",
    "attridist=[]\n",
    "i=0\n",
    "N=10\n",
    "espilons=list(np.linspace(0.01,150,5))\n",
    "ratios=list(np.linspace(0.001,0.5,5))\n",
    "for i in range(N):\n",
    "    for eps in espilons:\n",
    "        for ra in ratios:\n",
    "    #for eps,ra in zip(espilons,ratios):\n",
    "        \n",
    "            graph1=X[random.randint(0,len(X)-1)]\n",
    "            \n",
    "            graph2=X[random.randint(0,len(X)-1)]\n",
    "            \n",
    "            start=time.time()\n",
    "            a=gw.graph_d(graph1,graph2)\n",
    "            end=time.time()\n",
    "            \n",
    "            startemd=time.time()\n",
    "            b=w.graph_d(graph1,graph2)\n",
    "            endemd=time.time()\n",
    "            tempsemd.append(endemd-startemd)\n",
    "            \n",
    "            cpts.append(gw.log['cpt'])\n",
    "            sink.append(gw.log['sinkhorn'])\n",
    "            alltimes.append(gw.log['all'])\n",
    "            consts.append(gw.log['const'])\n",
    "            tempsgw.append(end-start)"
   ]
  },
  {
   "cell_type": "code",
   "execution_count": 6,
   "metadata": {
    "collapsed": false
   },
   "outputs": [
    {
     "data": {
      "text/plain": [
       "0.00039940643310546874"
      ]
     },
     "execution_count": 6,
     "metadata": {},
     "output_type": "execute_result"
    }
   ],
   "source": [
    "np.mean(tempsemd)"
   ]
  },
  {
   "cell_type": "code",
   "execution_count": 7,
   "metadata": {
    "collapsed": false
   },
   "outputs": [
    {
     "data": {
      "text/plain": [
       "0.046415678977966307"
      ]
     },
     "execution_count": 7,
     "metadata": {},
     "output_type": "execute_result"
    }
   ],
   "source": [
    "np.mean(tempsgw)"
   ]
  },
  {
   "cell_type": "code",
   "execution_count": 8,
   "metadata": {
    "collapsed": false
   },
   "outputs": [
    {
     "data": {
      "text/plain": [
       "116.21164590934271"
      ]
     },
     "execution_count": 8,
     "metadata": {},
     "output_type": "execute_result"
    }
   ],
   "source": [
    "np.mean(tempsgw)/np.mean(tempsemd)"
   ]
  },
  {
   "cell_type": "code",
   "execution_count": 9,
   "metadata": {
    "collapsed": false
   },
   "outputs": [
    {
     "data": {
      "text/plain": [
       "3"
      ]
     },
     "execution_count": 9,
     "metadata": {},
     "output_type": "execute_result"
    }
   ],
   "source": [
    "max(cpts)"
   ]
  },
  {
   "cell_type": "code",
   "execution_count": 10,
   "metadata": {
    "collapsed": false
   },
   "outputs": [
    {
     "data": {
      "text/plain": [
       "0.0099676246643066405"
      ]
     },
     "execution_count": 10,
     "metadata": {},
     "output_type": "execute_result"
    }
   ],
   "source": [
    "np.mean(alltimes) # temps de la fonction wgw"
   ]
  },
  {
   "cell_type": "code",
   "execution_count": 11,
   "metadata": {
    "collapsed": false
   },
   "outputs": [
    {
     "data": {
      "text/plain": [
       "0.0094518065452575684"
      ]
     },
     "execution_count": 11,
     "metadata": {},
     "output_type": "execute_result"
    }
   ],
   "source": [
    "np.mean(graph2.log['pertoperdistance']) # temps du calcul de C"
   ]
  },
  {
   "cell_type": "code",
   "execution_count": 12,
   "metadata": {
    "collapsed": false
   },
   "outputs": [
    {
     "data": {
      "text/plain": [
       "0.0096535682678222656"
      ]
     },
     "execution_count": 12,
     "metadata": {},
     "output_type": "execute_result"
    }
   ],
   "source": [
    "np.mean(graph1.log['pertoperdistance']) # temps du calcul de C"
   ]
  },
  {
   "cell_type": "code",
   "execution_count": 7,
   "metadata": {
    "collapsed": false
   },
   "outputs": [
    {
     "data": {
      "text/plain": [
       "0.0085923075675964355"
      ]
     },
     "execution_count": 7,
     "metadata": {},
     "output_type": "execute_result"
    }
   ],
   "source": [
    "np.mean(graph1.log['attridist']) # temps du calcul de C"
   ]
  },
  {
   "cell_type": "code",
   "execution_count": 13,
   "metadata": {
    "collapsed": false
   },
   "outputs": [
    {
     "data": {
      "text/plain": [
       "1.8304778683570125e-05"
      ]
     },
     "execution_count": 13,
     "metadata": {},
     "output_type": "execute_result"
    }
   ],
   "source": [
    "np.mean(graph2.log['pathtime'])"
   ]
  },
  {
   "cell_type": "code",
   "execution_count": 8,
   "metadata": {
    "collapsed": false
   },
   "outputs": [
    {
     "data": {
      "text/plain": [
       "0.049743160724639891"
      ]
     },
     "execution_count": 8,
     "metadata": {},
     "output_type": "execute_result"
    }
   ],
   "source": [
    "np.mean(graph1.log['attridist'])+2*np.mean(graph1.log['pertoperdistance'])+np.mean(alltimes)"
   ]
  },
  {
   "cell_type": "code",
   "execution_count": 9,
   "metadata": {
    "collapsed": false
   },
   "outputs": [
    {
     "data": {
      "text/plain": [
       "0.049613502502441405"
      ]
     },
     "execution_count": 9,
     "metadata": {},
     "output_type": "execute_result"
    }
   ],
   "source": [
    "np.mean(tempsgw)"
   ]
  },
  {
   "cell_type": "code",
   "execution_count": 22,
   "metadata": {
    "collapsed": true
   },
   "outputs": [],
   "source": [
    "C=np.zeros((10,10))"
   ]
  },
  {
   "cell_type": "code",
   "execution_count": 26,
   "metadata": {
    "collapsed": false
   },
   "outputs": [
    {
     "data": {
      "text/plain": [
       "True"
      ]
     },
     "execution_count": 26,
     "metadata": {},
     "output_type": "execute_result"
    }
   ],
   "source": [
    "(C==0).all()"
   ]
  },
  {
   "cell_type": "code",
   "execution_count": 36,
   "metadata": {
    "collapsed": true
   },
   "outputs": [],
   "source": [
    "C=None"
   ]
  },
  {
   "cell_type": "code",
   "execution_count": 37,
   "metadata": {
    "collapsed": false
   },
   "outputs": [
    {
     "name": "stdout",
     "output_type": "stream",
     "text": [
      "a\n"
     ]
    }
   ],
   "source": [
    "if not C :\n",
    "    print('a')"
   ]
  },
  {
   "cell_type": "code",
   "execution_count": 38,
   "metadata": {
    "collapsed": true
   },
   "outputs": [],
   "source": [
    "C=2"
   ]
  },
  {
   "cell_type": "code",
   "execution_count": 39,
   "metadata": {
    "collapsed": true
   },
   "outputs": [],
   "source": [
    "if not C :\n",
    "    print('a')"
   ]
  },
  {
   "cell_type": "code",
   "execution_count": 47,
   "metadata": {
    "collapsed": true
   },
   "outputs": [],
   "source": [
    "a=True\n",
    "b=False"
   ]
  },
  {
   "cell_type": "code",
   "execution_count": 48,
   "metadata": {
    "collapsed": false
   },
   "outputs": [],
   "source": [
    "if not a or b:\n",
    "    print('a')"
   ]
  },
  {
   "cell_type": "code",
   "execution_count": null,
   "metadata": {
    "collapsed": true
   },
   "outputs": [],
   "source": []
  },
  {
   "cell_type": "code",
   "execution_count": null,
   "metadata": {
    "collapsed": true
   },
   "outputs": [],
   "source": []
  },
  {
   "cell_type": "code",
   "execution_count": 1,
   "metadata": {
    "collapsed": true
   },
   "outputs": [],
   "source": [
    "import numpy as np\n",
    "import os,sys\n",
    "from graph import *\n",
    "import copy\n",
    "import NN,time\n",
    "from ot_distances import Gromov_Wasserstein_distance,Gromov_distance,Wasserstein_distance\n",
    "from ts import*"
   ]
  },
  {
   "cell_type": "code",
   "execution_count": 2,
   "metadata": {
    "collapsed": false
   },
   "outputs": [],
   "source": [
    "nTree=3\n",
    "depth=3\n",
    "c=20\n",
    "d=30\n",
    "dataset=build_binary_uniform_dataset(nTree1=nTree,nTree2=nTree,maxdepth=depth,c=c,d=d)\n",
    "X,y=zip(*dataset)\n",
    "A,B=split_train_test(dataset,0.8)\n",
    "x_train,y_train=zip(*A)\n",
    "x_test,y_test=zip(*B)"
   ]
  },
  {
   "cell_type": "code",
   "execution_count": 3,
   "metadata": {
    "collapsed": true
   },
   "outputs": [],
   "source": [
    "clf=NN.Tree_WGW_1NN_Classifier(epsilon=150,ratio=0.5,method='weighted_shortest_path',normalize_distance=True)"
   ]
  },
  {
   "cell_type": "code",
   "execution_count": 4,
   "metadata": {
    "collapsed": false
   },
   "outputs": [
    {
     "name": "stdout",
     "output_type": "stream",
     "text": [
      "Construction des matrices de structures\n",
      "recompute \n",
      "recompute \n",
      "recompute \n",
      "recompute \n",
      "Les distances entre pour chaque point et eux mêmes sont calculées\n",
      "no compute \n",
      "C1:  [[  0.00000000e+00   3.39348044e+00   1.93234103e+00   7.43988469e-01\n",
      "    1.80109988e+00   2.40850463e-01   2.64122256e+00   3.66238633e-01\n",
      "    1.82790864e-02   1.35730126e-01   5.99831230e-01   3.61643609e+00\n",
      "    3.30113182e+00   2.99973305e-01   2.07120878e+00   8.92385196e-01]\n",
      " [  3.39348044e+00   0.00000000e+00   1.53114105e-02   5.48650224e+00\n",
      "    8.55408067e-02   5.80244750e+00   2.35350230e-02   6.45636513e+00\n",
      "    1.95493743e+00   3.66491796e+00   1.71168539e+00   2.65989975e-03\n",
      "    4.77735226e-04   6.84713136e+00   3.25190565e-02   2.22620330e-03]\n",
      " [  1.93234103e+00   1.53114105e-02   0.00000000e+00   8.00000000e+00\n",
      "    1.29924874e-01   4.81041898e+00   1.16073497e-01   5.32537815e+00\n",
      "    4.41453563e+00   5.44893389e+00   7.50961230e+00   4.11990798e-03\n",
      "    2.21943709e-02   1.87750513e+00   6.93437838e-02   2.93045844e-03]\n",
      " [  7.43988469e-01   5.48650224e+00   8.00000000e+00   0.00000000e+00\n",
      "    5.81877754e+00   8.75336385e-02   4.64160608e+00   2.68140614e-02\n",
      "    3.96775779e-01   1.22083200e-01   5.81591488e-03   1.91025654e+00\n",
      "    3.58972447e+00   7.74144067e-03   6.37238044e+00   7.57279125e+00]\n",
      " [  1.80109988e+00   8.55408067e-02   1.29924874e-01   5.81877754e+00\n",
      "    0.00000000e+00   1.11973793e+00   5.70285912e-03   2.52779573e+00\n",
      "    2.83877597e+00   3.67903962e+00   5.40169321e+00   1.23922569e-01\n",
      "    7.14146154e-02   4.05152958e+00   6.28804762e-03   8.65247806e-02]\n",
      " [  2.40850463e-01   5.80244750e+00   4.81041898e+00   8.75336385e-02\n",
      "    1.11973793e+00   0.00000000e+00   4.80429705e+00   8.72663790e-03\n",
      "    1.86180727e-01   3.93114378e-02   4.31812150e-02   6.09289870e+00\n",
      "    5.68149427e+00   3.24091321e-02   2.48309852e+00   4.52398757e+00]\n",
      " [  2.64122256e+00   2.35350230e-02   1.16073497e-01   4.64160608e+00\n",
      "    5.70285912e-03   4.80429705e+00   0.00000000e+00   5.40089011e+00\n",
      "    7.74737981e-01   2.98082938e+00   2.87921184e+00   5.73429609e-02\n",
      "    2.75668017e-02   5.75878115e+00   1.34145756e-03   6.97694017e-02]\n",
      " [  3.66238633e-01   6.45636513e+00   5.32537815e+00   2.68140614e-02\n",
      "    2.52779573e+00   8.72663790e-03   5.40089011e+00   0.00000000e+00\n",
      "    3.17642135e-01   1.09152245e-01   5.72898454e-03   6.76255146e+00\n",
      "    6.32874335e+00   4.30519908e-03   1.39311687e+00   5.02377580e+00]\n",
      " [  1.82790864e-02   1.95493743e+00   4.41453563e+00   3.96775779e-01\n",
      "    2.83877597e+00   1.86180727e-01   7.74737981e-01   3.17642135e-01\n",
      "    0.00000000e+00   4.07921108e-02   2.04344285e-01   3.11170020e+00\n",
      "    2.85802632e+00   4.08783809e-01   3.22924473e+00   4.09869341e+00]\n",
      " [  1.35730126e-01   3.66491796e+00   5.44893389e+00   1.22083200e-01\n",
      "    3.67903962e+00   3.93114378e-02   2.98082938e+00   1.09152245e-01\n",
      "    4.07921108e-02   0.00000000e+00   1.23670867e-01   2.57669664e+00\n",
      "    1.19390304e+00   1.64954986e-01   4.12181544e+00   5.09738329e+00]\n",
      " [  5.99831230e-01   1.71168539e+00   7.50961230e+00   5.81591488e-03\n",
      "    5.40169321e+00   4.31812150e-02   2.87921184e+00   5.72898454e-03\n",
      "    2.04344285e-01   1.23670867e-01   0.00000000e+00   5.37145725e+00\n",
      "    5.03647439e+00   5.54781339e-09   5.93554546e+00   7.09588669e+00]\n",
      " [  3.61643609e+00   2.65989975e-03   4.11990798e-03   1.91025654e+00\n",
      "    1.23922569e-01   6.09289870e+00   5.73429609e-02   6.76255146e+00\n",
      "    3.11170020e+00   2.57669664e+00   5.37145725e+00   0.00000000e+00\n",
      "    3.59477749e-03   7.16234167e+00   5.75439420e-02   1.53019769e-04]\n",
      " [  3.30113182e+00   4.77735226e-04   2.21943709e-02   3.58972447e+00\n",
      "    7.14146154e-02   5.68149427e+00   2.75668017e-02   6.32874335e+00\n",
      "    2.85802632e+00   1.19390304e+00   5.03647439e+00   3.59477749e-03\n",
      "    0.00000000e+00   6.71568522e+00   2.40535100e-02   5.24481972e-03]\n",
      " [  2.99973305e-01   6.84713136e+00   1.87750513e+00   7.74144067e-03\n",
      "    4.05152958e+00   3.24091321e-02   5.75878115e+00   4.30519908e-03\n",
      "    4.08783809e-01   1.64954986e-01   5.54781339e-09   7.16234167e+00\n",
      "    6.71568522e+00   0.00000000e+00   4.45193130e+00   3.54814176e+00]\n",
      " [  2.07120878e+00   3.25190565e-02   6.93437838e-02   6.37238044e+00\n",
      "    6.28804762e-03   2.48309852e+00   1.34145756e-03   1.39311687e+00\n",
      "    3.22924473e+00   4.12181544e+00   5.93554546e+00   5.75439420e-02\n",
      "    2.40535100e-02   4.45193130e+00   0.00000000e+00   3.88216471e-02]\n",
      " [  8.92385196e-01   2.22620330e-03   2.93045844e-03   7.57279125e+00\n",
      "    8.65247806e-02   4.52398757e+00   6.97694017e-02   5.02377580e+00\n",
      "    4.09869341e+00   5.09738329e+00   7.09588669e+00   1.53019769e-04\n",
      "    5.24481972e-03   3.54814176e+00   3.88216471e-02   0.00000000e+00]]\n",
      "no compute \n",
      "C2:  [[  0.00000000e+00   3.39348044e+00   1.93234103e+00   7.43988469e-01\n",
      "    1.80109988e+00   2.40850463e-01   2.64122256e+00   3.66238633e-01\n",
      "    1.82790864e-02   1.35730126e-01   5.99831230e-01   3.61643609e+00\n",
      "    3.30113182e+00   2.99973305e-01   2.07120878e+00   8.92385196e-01]\n",
      " [  3.39348044e+00   0.00000000e+00   1.53114105e-02   5.48650224e+00\n",
      "    8.55408067e-02   5.80244750e+00   2.35350230e-02   6.45636513e+00\n",
      "    1.95493743e+00   3.66491796e+00   1.71168539e+00   2.65989975e-03\n",
      "    4.77735226e-04   6.84713136e+00   3.25190565e-02   2.22620330e-03]\n",
      " [  1.93234103e+00   1.53114105e-02   0.00000000e+00   8.00000000e+00\n",
      "    1.29924874e-01   4.81041898e+00   1.16073497e-01   5.32537815e+00\n",
      "    4.41453563e+00   5.44893389e+00   7.50961230e+00   4.11990798e-03\n",
      "    2.21943709e-02   1.87750513e+00   6.93437838e-02   2.93045844e-03]\n",
      " [  7.43988469e-01   5.48650224e+00   8.00000000e+00   0.00000000e+00\n",
      "    5.81877754e+00   8.75336385e-02   4.64160608e+00   2.68140614e-02\n",
      "    3.96775779e-01   1.22083200e-01   5.81591488e-03   1.91025654e+00\n",
      "    3.58972447e+00   7.74144067e-03   6.37238044e+00   7.57279125e+00]\n",
      " [  1.80109988e+00   8.55408067e-02   1.29924874e-01   5.81877754e+00\n",
      "    0.00000000e+00   1.11973793e+00   5.70285912e-03   2.52779573e+00\n",
      "    2.83877597e+00   3.67903962e+00   5.40169321e+00   1.23922569e-01\n",
      "    7.14146154e-02   4.05152958e+00   6.28804762e-03   8.65247806e-02]\n",
      " [  2.40850463e-01   5.80244750e+00   4.81041898e+00   8.75336385e-02\n",
      "    1.11973793e+00   0.00000000e+00   4.80429705e+00   8.72663790e-03\n",
      "    1.86180727e-01   3.93114378e-02   4.31812150e-02   6.09289870e+00\n",
      "    5.68149427e+00   3.24091321e-02   2.48309852e+00   4.52398757e+00]\n",
      " [  2.64122256e+00   2.35350230e-02   1.16073497e-01   4.64160608e+00\n",
      "    5.70285912e-03   4.80429705e+00   0.00000000e+00   5.40089011e+00\n",
      "    7.74737981e-01   2.98082938e+00   2.87921184e+00   5.73429609e-02\n",
      "    2.75668017e-02   5.75878115e+00   1.34145756e-03   6.97694017e-02]\n",
      " [  3.66238633e-01   6.45636513e+00   5.32537815e+00   2.68140614e-02\n",
      "    2.52779573e+00   8.72663790e-03   5.40089011e+00   0.00000000e+00\n",
      "    3.17642135e-01   1.09152245e-01   5.72898454e-03   6.76255146e+00\n",
      "    6.32874335e+00   4.30519908e-03   1.39311687e+00   5.02377580e+00]\n",
      " [  1.82790864e-02   1.95493743e+00   4.41453563e+00   3.96775779e-01\n",
      "    2.83877597e+00   1.86180727e-01   7.74737981e-01   3.17642135e-01\n",
      "    0.00000000e+00   4.07921108e-02   2.04344285e-01   3.11170020e+00\n",
      "    2.85802632e+00   4.08783809e-01   3.22924473e+00   4.09869341e+00]\n",
      " [  1.35730126e-01   3.66491796e+00   5.44893389e+00   1.22083200e-01\n",
      "    3.67903962e+00   3.93114378e-02   2.98082938e+00   1.09152245e-01\n",
      "    4.07921108e-02   0.00000000e+00   1.23670867e-01   2.57669664e+00\n",
      "    1.19390304e+00   1.64954986e-01   4.12181544e+00   5.09738329e+00]\n",
      " [  5.99831230e-01   1.71168539e+00   7.50961230e+00   5.81591488e-03\n",
      "    5.40169321e+00   4.31812150e-02   2.87921184e+00   5.72898454e-03\n",
      "    2.04344285e-01   1.23670867e-01   0.00000000e+00   5.37145725e+00\n",
      "    5.03647439e+00   5.54781339e-09   5.93554546e+00   7.09588669e+00]\n",
      " [  3.61643609e+00   2.65989975e-03   4.11990798e-03   1.91025654e+00\n",
      "    1.23922569e-01   6.09289870e+00   5.73429609e-02   6.76255146e+00\n",
      "    3.11170020e+00   2.57669664e+00   5.37145725e+00   0.00000000e+00\n",
      "    3.59477749e-03   7.16234167e+00   5.75439420e-02   1.53019769e-04]\n",
      " [  3.30113182e+00   4.77735226e-04   2.21943709e-02   3.58972447e+00\n",
      "    7.14146154e-02   5.68149427e+00   2.75668017e-02   6.32874335e+00\n",
      "    2.85802632e+00   1.19390304e+00   5.03647439e+00   3.59477749e-03\n",
      "    0.00000000e+00   6.71568522e+00   2.40535100e-02   5.24481972e-03]\n",
      " [  2.99973305e-01   6.84713136e+00   1.87750513e+00   7.74144067e-03\n",
      "    4.05152958e+00   3.24091321e-02   5.75878115e+00   4.30519908e-03\n",
      "    4.08783809e-01   1.64954986e-01   5.54781339e-09   7.16234167e+00\n",
      "    6.71568522e+00   0.00000000e+00   4.45193130e+00   3.54814176e+00]\n",
      " [  2.07120878e+00   3.25190565e-02   6.93437838e-02   6.37238044e+00\n",
      "    6.28804762e-03   2.48309852e+00   1.34145756e-03   1.39311687e+00\n",
      "    3.22924473e+00   4.12181544e+00   5.93554546e+00   5.75439420e-02\n",
      "    2.40535100e-02   4.45193130e+00   0.00000000e+00   3.88216471e-02]\n",
      " [  8.92385196e-01   2.22620330e-03   2.93045844e-03   7.57279125e+00\n",
      "    8.65247806e-02   4.52398757e+00   6.97694017e-02   5.02377580e+00\n",
      "    4.09869341e+00   5.09738329e+00   7.09588669e+00   1.53019769e-04\n",
      "    5.24481972e-03   3.54814176e+00   3.88216471e-02   0.00000000e+00]]\n",
      "no compute \n",
      "C1:  [[  0.00000000e+00   5.23085625e+00   1.85772275e+00   7.14913459e-05\n",
      "    5.51411436e+00   5.60223107e-03   4.13437158e+00   1.72952660e-01\n",
      "    5.44366754e-02   9.88177000e-02   2.69985905e-02   4.99860986e+00\n",
      "    3.82079574e+00   1.31390572e-01   2.52678010e+00   5.05663833e+00]\n",
      " [  5.23085625e+00   0.00000000e+00   1.29281548e-01   5.30849449e+00\n",
      "    2.80069764e-03   5.63366180e+00   4.83074443e-02   7.65805170e+00\n",
      "    3.17626657e+00   3.38379538e+00   4.39898112e+00   6.59190518e-04\n",
      "    8.28777602e-02   7.32059873e+00   1.52834281e-03   1.10646692e-03]\n",
      " [  1.85772275e+00   1.29281548e-01   0.00000000e+00   1.89046157e+00\n",
      "    1.76959929e-01   3.04207503e+00   1.11865158e-02   4.34798503e+00\n",
      "    4.66934090e+00   5.02612421e+00   2.26500694e+00   9.49921845e-02\n",
      "    7.36389340e-04   4.12814969e+00   2.56741989e-02   1.03135999e-01]\n",
      " [  7.14913459e-05   5.30849449e+00   1.89046157e+00   0.00000000e+00\n",
      "    5.59381936e+00   3.62441578e-03   4.20342635e+00   1.60986189e-01\n",
      "    4.68316320e-02   8.84719315e-02   3.20257548e-02   5.07451142e+00\n",
      "    3.88719116e+00   1.20988104e-01   2.56493812e+00   5.13297753e+00]\n",
      " [  5.51411436e+00   2.80069764e-03   1.76959929e-01   5.59381936e+00\n",
      "    0.00000000e+00   5.92748279e+00   2.47904595e-02   8.00000000e+00\n",
      "    4.99822994e+00   5.31695115e+00   4.65905075e+00   9.48510677e-03\n",
      "    7.74327570e-02   7.65501135e+00   1.00405703e-02   4.95192757e-03]\n",
      " [  5.60223107e-03   5.63366180e+00   3.04207503e+00   3.62441578e-03\n",
      "    5.92748279e+00   0.00000000e+00   4.49330828e+00   3.87666356e-02\n",
      "    2.15765538e-02   5.19501429e-02   3.81318399e-02   5.39253945e+00\n",
      "    4.16614094e+00   5.51541346e-02   4.08720613e+00   5.45280464e+00]\n",
      " [  4.13437158e+00   4.83074443e-02   1.11865158e-02   4.20342635e+00\n",
      "    2.47904595e-02   4.49330828e+00   0.00000000e+00   6.31781998e+00\n",
      "    3.85321581e+00   4.13365964e+00   3.39880089e+00   3.07369799e-02\n",
      "    3.09132524e-03   6.01166351e+00   4.60948367e-02   2.31946195e-02]\n",
      " [  1.72952660e-01   7.65805170e+00   4.34798503e+00   1.60986189e-01\n",
      "    8.00000000e+00   3.87666356e-02   6.31781998e+00   0.00000000e+00\n",
      "    6.09572873e-02   2.75092589e-02   2.24412273e-01   7.37648811e+00\n",
      "    5.92872615e+00   1.90085488e-03   5.58240661e+00   7.44694439e+00]\n",
      " [  5.44366754e-02   3.17626657e+00   4.66934090e+00   4.68316320e-02\n",
      "    4.99822994e+00   2.15765538e-02   3.85321581e+00   6.09572873e-02\n",
      "    0.00000000e+00   1.64171410e-03   1.78969942e-01   3.04816271e+00\n",
      "    3.59051545e+00   3.43128535e-02   6.15699451e+00   4.62029406e+00]\n",
      " [  9.88177000e-02   3.38379538e+00   5.02612421e+00   8.84719315e-02\n",
      "    5.31695115e+00   5.19501429e-02   4.13365964e+00   2.75092589e-02\n",
      "    1.64171410e-03   0.00000000e+00   2.54101218e-01   3.25153035e+00\n",
      "    3.86140149e+00   1.08578791e-02   6.56571606e+00   4.92691842e+00]\n",
      " [  2.69985905e-02   4.39898112e+00   2.26500694e+00   3.20257548e-02\n",
      "    4.65905075e+00   3.81318399e-02   3.39880089e+00   2.24412273e-01\n",
      "    1.78969942e-01   2.54101218e-01   0.00000000e+00   4.18621996e+00\n",
      "    3.11506219e+00   9.25028676e-02   3.17738986e+00   4.23933820e+00]\n",
      " [  4.99860986e+00   6.59190518e-04   9.49921845e-02   5.07451142e+00\n",
      "    9.48510677e-03   5.39253945e+00   3.07369799e-02   7.37648811e+00\n",
      "    3.04816271e+00   3.25153035e+00   4.18621996e+00   0.00000000e+00\n",
      "    5.92509024e-02   7.04536734e+00   1.50194495e-04   1.25581101e-04]\n",
      " [  3.82079574e+00   8.28777602e-02   7.36389340e-04   3.88719116e+00\n",
      "    7.74327570e-02   4.16614094e+00   3.09132524e-03   5.92872615e+00\n",
      "    3.59051545e+00   3.86140149e+00   3.11506219e+00   5.92509024e-02\n",
      "    0.00000000e+00   5.63226601e+00   8.60406780e-02   2.16106824e-02]\n",
      " [  1.31390572e-01   7.32059873e+00   4.12814969e+00   1.20988104e-01\n",
      "    7.65501135e+00   5.51541346e-02   6.01166351e+00   1.90085488e-03\n",
      "    3.43128535e-02   1.08578791e-02   9.25028676e-02   7.04536734e+00\n",
      "    5.63226601e+00   0.00000000e+00   5.33293256e+00   7.11422792e+00]\n",
      " [  2.52678010e+00   1.52834281e-03   2.56741989e-02   2.56493812e+00\n",
      "    1.00405703e-02   4.08720613e+00   4.60948367e-02   5.58240661e+00\n",
      "    6.15699451e+00   6.56571606e+00   3.17738986e+00   1.50194495e-04\n",
      "    8.60406780e-02   5.33293256e+00   0.00000000e+00   4.68583063e-07]\n",
      " [  5.05663833e+00   1.10646692e-03   1.03135999e-01   5.13297753e+00\n",
      "    4.95192757e-03   5.45280464e+00   2.31946195e-02   7.44694439e+00\n",
      "    4.62029406e+00   4.92691842e+00   4.23933820e+00   1.25581101e-04\n",
      "    2.16106824e-02   7.11422792e+00   4.68583063e-07   0.00000000e+00]]\n",
      "no compute \n",
      "C2:  [[  0.00000000e+00   5.23085625e+00   1.85772275e+00   7.14913459e-05\n",
      "    5.51411436e+00   5.60223107e-03   4.13437158e+00   1.72952660e-01\n",
      "    5.44366754e-02   9.88177000e-02   2.69985905e-02   4.99860986e+00\n",
      "    3.82079574e+00   1.31390572e-01   2.52678010e+00   5.05663833e+00]\n",
      " [  5.23085625e+00   0.00000000e+00   1.29281548e-01   5.30849449e+00\n",
      "    2.80069764e-03   5.63366180e+00   4.83074443e-02   7.65805170e+00\n",
      "    3.17626657e+00   3.38379538e+00   4.39898112e+00   6.59190518e-04\n",
      "    8.28777602e-02   7.32059873e+00   1.52834281e-03   1.10646692e-03]\n",
      " [  1.85772275e+00   1.29281548e-01   0.00000000e+00   1.89046157e+00\n",
      "    1.76959929e-01   3.04207503e+00   1.11865158e-02   4.34798503e+00\n",
      "    4.66934090e+00   5.02612421e+00   2.26500694e+00   9.49921845e-02\n",
      "    7.36389340e-04   4.12814969e+00   2.56741989e-02   1.03135999e-01]\n",
      " [  7.14913459e-05   5.30849449e+00   1.89046157e+00   0.00000000e+00\n",
      "    5.59381936e+00   3.62441578e-03   4.20342635e+00   1.60986189e-01\n",
      "    4.68316320e-02   8.84719315e-02   3.20257548e-02   5.07451142e+00\n",
      "    3.88719116e+00   1.20988104e-01   2.56493812e+00   5.13297753e+00]\n",
      " [  5.51411436e+00   2.80069764e-03   1.76959929e-01   5.59381936e+00\n",
      "    0.00000000e+00   5.92748279e+00   2.47904595e-02   8.00000000e+00\n",
      "    4.99822994e+00   5.31695115e+00   4.65905075e+00   9.48510677e-03\n",
      "    7.74327570e-02   7.65501135e+00   1.00405703e-02   4.95192757e-03]\n",
      " [  5.60223107e-03   5.63366180e+00   3.04207503e+00   3.62441578e-03\n",
      "    5.92748279e+00   0.00000000e+00   4.49330828e+00   3.87666356e-02\n",
      "    2.15765538e-02   5.19501429e-02   3.81318399e-02   5.39253945e+00\n",
      "    4.16614094e+00   5.51541346e-02   4.08720613e+00   5.45280464e+00]\n",
      " [  4.13437158e+00   4.83074443e-02   1.11865158e-02   4.20342635e+00\n",
      "    2.47904595e-02   4.49330828e+00   0.00000000e+00   6.31781998e+00\n",
      "    3.85321581e+00   4.13365964e+00   3.39880089e+00   3.07369799e-02\n",
      "    3.09132524e-03   6.01166351e+00   4.60948367e-02   2.31946195e-02]\n",
      " [  1.72952660e-01   7.65805170e+00   4.34798503e+00   1.60986189e-01\n",
      "    8.00000000e+00   3.87666356e-02   6.31781998e+00   0.00000000e+00\n",
      "    6.09572873e-02   2.75092589e-02   2.24412273e-01   7.37648811e+00\n",
      "    5.92872615e+00   1.90085488e-03   5.58240661e+00   7.44694439e+00]\n",
      " [  5.44366754e-02   3.17626657e+00   4.66934090e+00   4.68316320e-02\n",
      "    4.99822994e+00   2.15765538e-02   3.85321581e+00   6.09572873e-02\n",
      "    0.00000000e+00   1.64171410e-03   1.78969942e-01   3.04816271e+00\n",
      "    3.59051545e+00   3.43128535e-02   6.15699451e+00   4.62029406e+00]\n",
      " [  9.88177000e-02   3.38379538e+00   5.02612421e+00   8.84719315e-02\n",
      "    5.31695115e+00   5.19501429e-02   4.13365964e+00   2.75092589e-02\n",
      "    1.64171410e-03   0.00000000e+00   2.54101218e-01   3.25153035e+00\n",
      "    3.86140149e+00   1.08578791e-02   6.56571606e+00   4.92691842e+00]\n",
      " [  2.69985905e-02   4.39898112e+00   2.26500694e+00   3.20257548e-02\n",
      "    4.65905075e+00   3.81318399e-02   3.39880089e+00   2.24412273e-01\n",
      "    1.78969942e-01   2.54101218e-01   0.00000000e+00   4.18621996e+00\n",
      "    3.11506219e+00   9.25028676e-02   3.17738986e+00   4.23933820e+00]\n",
      " [  4.99860986e+00   6.59190518e-04   9.49921845e-02   5.07451142e+00\n",
      "    9.48510677e-03   5.39253945e+00   3.07369799e-02   7.37648811e+00\n",
      "    3.04816271e+00   3.25153035e+00   4.18621996e+00   0.00000000e+00\n",
      "    5.92509024e-02   7.04536734e+00   1.50194495e-04   1.25581101e-04]\n",
      " [  3.82079574e+00   8.28777602e-02   7.36389340e-04   3.88719116e+00\n",
      "    7.74327570e-02   4.16614094e+00   3.09132524e-03   5.92872615e+00\n",
      "    3.59051545e+00   3.86140149e+00   3.11506219e+00   5.92509024e-02\n",
      "    0.00000000e+00   5.63226601e+00   8.60406780e-02   2.16106824e-02]\n",
      " [  1.31390572e-01   7.32059873e+00   4.12814969e+00   1.20988104e-01\n",
      "    7.65501135e+00   5.51541346e-02   6.01166351e+00   1.90085488e-03\n",
      "    3.43128535e-02   1.08578791e-02   9.25028676e-02   7.04536734e+00\n",
      "    5.63226601e+00   0.00000000e+00   5.33293256e+00   7.11422792e+00]\n",
      " [  2.52678010e+00   1.52834281e-03   2.56741989e-02   2.56493812e+00\n",
      "    1.00405703e-02   4.08720613e+00   4.60948367e-02   5.58240661e+00\n",
      "    6.15699451e+00   6.56571606e+00   3.17738986e+00   1.50194495e-04\n",
      "    8.60406780e-02   5.33293256e+00   0.00000000e+00   4.68583063e-07]\n",
      " [  5.05663833e+00   1.10646692e-03   1.03135999e-01   5.13297753e+00\n",
      "    4.95192757e-03   5.45280464e+00   2.31946195e-02   7.44694439e+00\n",
      "    4.62029406e+00   4.92691842e+00   4.23933820e+00   1.25581101e-04\n",
      "    2.16106824e-02   7.11422792e+00   4.68583063e-07   0.00000000e+00]]\n",
      "no compute \n",
      "C1:  [[  0.00000000e+00   3.35391683e+00   1.49194657e+00   8.29324539e-02\n",
      "    2.06778779e+00   2.64170898e-01   4.07600575e+00   7.89780891e-03\n",
      "    6.38357622e-01   6.55314701e-01   3.56361994e-01   3.07007148e+00\n",
      "    3.10436291e+00   2.48282734e-01   2.03309676e+00   1.00765410e+00]\n",
      " [  3.35391683e+00   0.00000000e+00   1.08108644e-02   3.36873383e+00\n",
      "    2.92182271e-02   5.87993674e+00   1.75859665e-02   2.98858490e+00\n",
      "    3.45935231e+00   5.23070641e+00   1.47419766e+00   4.70546165e-03\n",
      "    3.61747412e-03   6.43152030e+00   3.41956986e-02   3.10708675e-02]\n",
      " [  1.49194657e+00   1.08108644e-02   0.00000000e+00   4.06173580e+00\n",
      "    3.36253967e-03   4.03987266e+00   8.49822330e-02   1.97992548e+00\n",
      "    6.38253403e+00   6.43591236e+00   5.40262863e+00   6.13406466e-04\n",
      "    1.19199862e-03   1.47873980e+00   4.91412847e-03   3.92685209e-02]\n",
      " [  8.29324539e-02   3.36873383e+00   4.06173580e+00   0.00000000e+00\n",
      "    3.79632787e+00   9.33350928e-02   3.99131294e+00   1.52566602e-01\n",
      "    1.95835308e-01   1.35999455e-01   7.16017937e-02   1.04054474e+00\n",
      "    2.10104539e+00   1.73633941e-01   3.74201699e+00   5.26986872e+00]\n",
      " [  2.06778779e+00   2.92182271e-02   3.36253967e-03   3.79632787e+00\n",
      "    0.00000000e+00   1.27004412e+00   1.28504481e-01   1.21340004e+00\n",
      "    6.04869588e+00   6.10066243e+00   5.09584319e+00   8.41350077e-03\n",
      "    1.02988858e-02   4.19531190e+00   9.78235445e-05   9.04122881e-02]\n",
      " [  2.64170898e-01   5.87993674e+00   4.03987266e+00   9.33350928e-02\n",
      "    1.27004412e+00   0.00000000e+00   6.82463325e+00   2.42281555e-01\n",
      "    4.22240746e-02   4.66677608e-02   1.20599942e-05   5.50207309e+00\n",
      "    5.54794738e+00   9.27176762e-03   2.50865954e+00   5.07439777e+00]\n",
      " [  4.07600575e+00   1.75859665e-02   8.49822330e-02   3.99131294e+00\n",
      "    1.28504481e-01   6.82463325e+00   0.00000000e+00   3.67218357e+00\n",
      "    1.98511879e+00   6.00000000e+00   3.42139487e+00   5.33667035e-02\n",
      "    4.95335851e-02   7.41792091e+00   1.38728393e-01   1.27069537e-04]\n",
      " [  7.89780891e-03   2.98858490e+00   1.97992548e+00   1.52566602e-01\n",
      "    1.21340004e+00   2.42281555e-01   3.67218357e+00   0.00000000e+00\n",
      "    8.12865699e-01   8.31986423e-01   4.89409973e-01   2.72099590e+00\n",
      "    2.75328458e+00   4.88790051e-01   5.95854018e-01   2.72183080e+00]\n",
      " [  6.38357622e-01   3.45935231e+00   6.38253403e+00   1.95835308e-01\n",
      "    6.04869588e+00   4.22240746e-02   1.98511879e+00   8.12865699e-01\n",
      "    0.00000000e+00   8.33542481e-05   2.04044693e-02   4.88121657e+00\n",
      "    4.91863005e+00   8.89227088e-03   5.98009008e+00   7.87707296e+00]\n",
      " [  6.55314701e-01   5.23070641e+00   6.43591236e+00   1.35999455e-01\n",
      "    6.10066243e+00   4.66677608e-02   6.00000000e+00   8.31986423e-01\n",
      "    8.33542481e-05   0.00000000e+00   3.38845527e-02   3.28109464e+00\n",
      "    1.65306992e+00   1.09916534e-02   6.03176171e+00   7.93636011e+00]\n",
      " [  3.56361994e-01   1.47419766e+00   5.40262863e+00   7.16017937e-02\n",
      "    5.09584319e+00   1.20599942e-05   3.42139487e+00   4.89409973e-01\n",
      "    2.04044693e-02   3.38845527e-02   0.00000000e+00   4.13878265e+00\n",
      "    4.17323919e+00   1.16021735e-02   5.03288864e+00   6.78394189e+00]\n",
      " [  3.07007148e+00   4.70546165e-03   6.13406466e-04   1.04054474e+00\n",
      "    8.41350077e-03   5.50207309e+00   5.33667035e-02   2.72099590e+00\n",
      "    4.88121657e+00   3.28109464e+00   4.13878265e+00   0.00000000e+00\n",
      "    4.76121023e-05   6.03604293e+00   1.11751385e-02   6.52687871e-02]\n",
      " [  3.10436291e+00   3.61747412e-03   1.19199862e-03   2.10104539e+00\n",
      "    1.02988858e-02   5.54794738e+00   4.95335851e-02   2.75328458e+00\n",
      "    4.91863005e+00   1.65306992e+00   4.17323919e+00   4.76121023e-05\n",
      "    0.00000000e+00   6.08408719e+00   1.33335094e-02   6.03779634e-02]\n",
      " [  2.48282734e-01   6.43152030e+00   1.47873980e+00   1.73633941e-01\n",
      "    4.19531190e+00   9.27176762e-03   7.41792091e+00   4.88790051e-01\n",
      "    8.89227088e-03   1.09916534e-02   1.16021735e-02   6.03604293e+00\n",
      "    6.08408719e+00   0.00000000e+00   4.14583604e+00   3.67832233e+00]\n",
      " [  2.03309676e+00   3.41956986e-02   4.91412847e-03   3.74201699e+00\n",
      "    9.78235445e-05   2.50865954e+00   1.38728393e-01   5.95854018e-01\n",
      "    5.98009008e+00   6.03176171e+00   5.03288864e+00   1.11751385e-02\n",
      "    1.33335094e-02   4.14583604e+00   0.00000000e+00   9.78437130e-02]\n",
      " [  1.00765410e+00   3.10708675e-02   3.92685209e-02   5.26986872e+00\n",
      "    9.04122881e-02   5.07439777e+00   1.27069537e-04   2.72183080e+00\n",
      "    7.87707296e+00   7.93636011e+00   6.78394189e+00   6.52687871e-02\n",
      "    6.03779634e-02   3.67832233e+00   9.78437130e-02   0.00000000e+00]]\n",
      "no compute \n",
      "C2:  [[  0.00000000e+00   3.35391683e+00   1.49194657e+00   8.29324539e-02\n",
      "    2.06778779e+00   2.64170898e-01   4.07600575e+00   7.89780891e-03\n",
      "    6.38357622e-01   6.55314701e-01   3.56361994e-01   3.07007148e+00\n",
      "    3.10436291e+00   2.48282734e-01   2.03309676e+00   1.00765410e+00]\n",
      " [  3.35391683e+00   0.00000000e+00   1.08108644e-02   3.36873383e+00\n",
      "    2.92182271e-02   5.87993674e+00   1.75859665e-02   2.98858490e+00\n",
      "    3.45935231e+00   5.23070641e+00   1.47419766e+00   4.70546165e-03\n",
      "    3.61747412e-03   6.43152030e+00   3.41956986e-02   3.10708675e-02]\n",
      " [  1.49194657e+00   1.08108644e-02   0.00000000e+00   4.06173580e+00\n",
      "    3.36253967e-03   4.03987266e+00   8.49822330e-02   1.97992548e+00\n",
      "    6.38253403e+00   6.43591236e+00   5.40262863e+00   6.13406466e-04\n",
      "    1.19199862e-03   1.47873980e+00   4.91412847e-03   3.92685209e-02]\n",
      " [  8.29324539e-02   3.36873383e+00   4.06173580e+00   0.00000000e+00\n",
      "    3.79632787e+00   9.33350928e-02   3.99131294e+00   1.52566602e-01\n",
      "    1.95835308e-01   1.35999455e-01   7.16017937e-02   1.04054474e+00\n",
      "    2.10104539e+00   1.73633941e-01   3.74201699e+00   5.26986872e+00]\n",
      " [  2.06778779e+00   2.92182271e-02   3.36253967e-03   3.79632787e+00\n",
      "    0.00000000e+00   1.27004412e+00   1.28504481e-01   1.21340004e+00\n",
      "    6.04869588e+00   6.10066243e+00   5.09584319e+00   8.41350077e-03\n",
      "    1.02988858e-02   4.19531190e+00   9.78235445e-05   9.04122881e-02]\n",
      " [  2.64170898e-01   5.87993674e+00   4.03987266e+00   9.33350928e-02\n",
      "    1.27004412e+00   0.00000000e+00   6.82463325e+00   2.42281555e-01\n",
      "    4.22240746e-02   4.66677608e-02   1.20599942e-05   5.50207309e+00\n",
      "    5.54794738e+00   9.27176762e-03   2.50865954e+00   5.07439777e+00]\n",
      " [  4.07600575e+00   1.75859665e-02   8.49822330e-02   3.99131294e+00\n",
      "    1.28504481e-01   6.82463325e+00   0.00000000e+00   3.67218357e+00\n",
      "    1.98511879e+00   6.00000000e+00   3.42139487e+00   5.33667035e-02\n",
      "    4.95335851e-02   7.41792091e+00   1.38728393e-01   1.27069537e-04]\n",
      " [  7.89780891e-03   2.98858490e+00   1.97992548e+00   1.52566602e-01\n",
      "    1.21340004e+00   2.42281555e-01   3.67218357e+00   0.00000000e+00\n",
      "    8.12865699e-01   8.31986423e-01   4.89409973e-01   2.72099590e+00\n",
      "    2.75328458e+00   4.88790051e-01   5.95854018e-01   2.72183080e+00]\n",
      " [  6.38357622e-01   3.45935231e+00   6.38253403e+00   1.95835308e-01\n",
      "    6.04869588e+00   4.22240746e-02   1.98511879e+00   8.12865699e-01\n",
      "    0.00000000e+00   8.33542481e-05   2.04044693e-02   4.88121657e+00\n",
      "    4.91863005e+00   8.89227088e-03   5.98009008e+00   7.87707296e+00]\n",
      " [  6.55314701e-01   5.23070641e+00   6.43591236e+00   1.35999455e-01\n",
      "    6.10066243e+00   4.66677608e-02   6.00000000e+00   8.31986423e-01\n",
      "    8.33542481e-05   0.00000000e+00   3.38845527e-02   3.28109464e+00\n",
      "    1.65306992e+00   1.09916534e-02   6.03176171e+00   7.93636011e+00]\n",
      " [  3.56361994e-01   1.47419766e+00   5.40262863e+00   7.16017937e-02\n",
      "    5.09584319e+00   1.20599942e-05   3.42139487e+00   4.89409973e-01\n",
      "    2.04044693e-02   3.38845527e-02   0.00000000e+00   4.13878265e+00\n",
